4	3	600	240	240
6800000	5925000
0	0	0	100	100	50	0	1	0	0	0	0
0	100	0	100	200	50	0	1	0	0	0	0
100	0	0	200	100	50	0	1	0	0	0	0
100	100	0	200	200	50	0	1	0	0	0	0
0	215	0	50	240	50	1	2	0	0	0	0
0	215	50	50	240	100	1	3	0	0	0	0
0	215	100	50	240	150	1	3	0	0	0	0
0	215	150	50	240	200	1	3	0	0	0	0
50	215	0	100	240	50	1	4	0	0	0	0
100	215	0	150	240	50	1	4	0	0	0	0
150	215	0	200	240	50	1	4	0	0	0	0
200	215	0	250	240	50	1	4	0	0	0	0
250	215	0	300	240	50	1	4	0	0	0	0
300	215	0	350	240	50	1	4	0	0	0	0
350	215	0	400	240	50	1	4	0	0	0	0
400	215	0	450	240	50	1	4	0	0	0	0
450	215	0	500	240	50	1	4	0	0	0	0
500	215	0	550	240	50	1	4	0	0	0	0
200	0	0	300	100	50	0	5	0	0	0	0
200	165	0	235	215	100	3	6	1	0	0	0
200	115	0	250	165	50	2	7	2	0	0	0
200	115	50	250	165	100	2	7	2	0	0	0
200	115	100	250	165	150	2	7	2	0	0	0
250	115	0	300	165	50	2	7	2	0	0	0
250	115	50	300	165	100	2	7	2	0	0	0
250	115	100	300	165	150	2	7	2	0	0	0
300	115	0	350	165	50	2	7	2	0	0	0
300	115	50	350	165	100	2	7	2	0	0	0
300	115	100	350	165	150	2	7	2	0	0	0
350	115	0	400	165	50	2	7	2	0	0	0
350	115	50	400	165	100	2	7	2	0	0	0
350	115	100	400	165	150	2	7	2	0	0	0
400	115	0	450	165	50	2	7	2	0	0	0
400	115	50	450	165	100	2	7	2	0	0	0
400	115	100	450	165	150	2	7	2	0	0	0
450	115	0	500	165	50	2	7	2	0	0	0
450	115	50	500	165	100	2	7	2	0	0	0
450	115	100	500	165	150	2	7	2	0	0	0
500	115	0	550	165	50	2	7	2	0	0	0
500	115	50	550	165	100	2	7	2	0	0	0
500	115	100	550	165	150	2	7	2	0	0	0
550	115	0	600	165	50	2	7	2	0	0	0
550	115	50	600	165	100	2	7	2	0	0	0
550	115	100	600	165	150	2	7	2	0	0	0
200	115	150	250	165	200	2	8	2	0	0	0
250	115	150	300	165	200	2	8	2	0	0	0
4	3

600	240	240

0	100	0	100	0	50	1	5	10000	0	0	0	0	0	Item0

1	50	1	25	1	50	1	14	10000	40000	80000	80000	0	0	Item1

2	50	1	50	1	50	1	26	10000	40000	40000	40000	2	0	Item2

3	50	1	100	1	35	1	1	10000	57120	28560	20000	1	0	Item3

