4	4	220	243	227
3250000	2750000
0	0	0	50	50	50	0	1	1	0	0	0
0	50	0	50	100	50	0	1	1	0	0	0
0	100	0	50	150	50	0	1	1	0	0	0
0	150	0	50	200	50	0	1	1	0	0	0
50	0	0	100	50	50	0	1	1	0	0	0
50	50	0	100	100	50	0	1	1	0	0	0
50	100	0	100	150	50	0	1	1	0	0	0
50	150	0	100	200	50	0	1	1	0	0	0
100	0	0	150	50	50	0	1	1	0	0	0
100	50	0	150	100	50	0	1	1	0	0	0
100	100	0	150	150	50	0	1	1	0	0	0
100	150	0	150	200	50	0	1	1	0	0	0
150	0	0	200	50	50	0	1	1	0	0	0
150	50	0	200	100	50	0	1	1	0	0	0
150	100	0	200	150	50	0	1	1	0	0	0
150	150	0	200	200	50	0	1	1	0	0	0
0	0	50	50	50	100	2	2	2	0	0	0
0	150	50	50	200	100	0	3	3	0	0	0
0	150	100	50	200	150	0	3	3	0	0	0
0	150	150	50	200	200	0	3	3	0	0	0
50	150	50	100	200	100	0	3	3	0	0	0
50	150	100	100	200	150	0	3	3	0	0	0
50	150	150	100	200	200	0	3	3	0	0	0
0	50	50	50	100	100	3	4	4	0	0	0
0	0	100	50	50	150	1	5	5	0	0	0
0	100	50	50	150	100	0	6	6	0	0	0
4	1

220	243	227

0	50	1	50	1	50	1	23	10000	40000	40000	40000	0	0	Item0

1	50	1	50	1	50	1	1	10000	40000	40000	40000	0	0	Item1

2	50	1	50	1	50	1	1	10000	40000	40000	40000	0	0	Item2

3	50	1	50	1	50	1	1	10000	40000	40000	40000	0	0	Item3

